p cnf 125 538
1 2 -3 0
-4 1 -5 0
-6 -7 8 0
-9 -10 11 0
-12 13 14 0
-15 16 17 0
-18 -12 -13 0
10 19 20 0
-21 22 -8 0
-23 -24 1 0
25 26 -27 0
-28 29 -30 0
-31 32 -33 0
34 29 26 0
-35 -36 37 0
-38 35 -39 0
-40 41 -33 0
-42 -5 -43 0
-44 45 -46 0
-9 31 -47 0
-48 -36 49 0
50 -2 -39 0
-51 -52 36 0
53 -36 -54 0
-55 -30 -56 0
-57 -58 -59 0
-60 -61 62 0
-63 18 64 0
65 -66 5 0
9 -53 -14 0
-67 54 -68 0
-69 -70 -34 0
-71 38 72 0
73 -30 -41 0
74 -75 -76 0
1 -77 -62 0
-78 -11 54 0
-79 -49 -28 0
-52 -80 73 0
81 -14 -82 0
51 1 54 0
83 84 80 0
68 85 82 0
86 77 -7 0
65 17 87 0
-42 88 -84 0
-89 90 -58 0
-91 88 27 0
-51 92 19 0
-21 42 32 0
-93 -4 75 0
24 77 -94 0
32 -95 -66 0
46 -39 57 0
62 -90 -96 0
84 -38 66 0
-34 97 98 0
37 49 53 0
-12 70 -75 0
89 -99 54 0
100 86 63 0
95 -59 11 0
-100 -41 -15 0
101 -32 51 0
-36 55 -11 0
-94 -39 -102 0
-62 103 -60 0
104 -58 105 0
33 -13 106 0
-84 -56 32 0
10 -55 -107 0
74 -6 -91 0
-89 40 11 0
6 -2 -106 0
93 -92 102 0
29 -75 37 0
-37 108 80 0
86 -58 -96 0
-26 -60 -61 0
-7 -109 -36 0
19 -104 -110 0
8 -77 -15 0
-16 -86 -32 0
6 -59 22 0
-101 58 -60 0
-16 88 -69 0
-46 86 99 0
100 27 -71 0
92 -91 -65 0
-76 58 -63 0
80 79 104 0
9 -111 30 0
-39 9 -111 0
68 -15 70 0
-74 43 -93 0
-56 104 -95 0
-30 -53 95 0
-75 -4 -112 0
-56 -113 -114 0
-94 -30 79 0
-106 80 -31 0
-94 95 91 0
-63 2 39 0
84 -35 79 0
-74 -9 95 0
60 -47 73 0
-45 -7 -21 0
102 -9 115 0
86 12 116 0
76 45 44 0
-84 11 -9 0
47 -104 8 0
89 -2 26 0
-81 68 -48 0
-74 32 -52 0
-117 44 59 0
109 -110 15 0
-116 -76 18 0
23 2 12 0
-29 18 38 0
93 -55 66 0
50 74 33 0
-118 -6 -70 0
119 -105 -106 0
-18 -35 48 0
-70 -103 -36 0
85 119 104 0
36 -117 120 0
115 56 41 0
47 66 25 0
-27 -101 -72 0
-22 -45 70 0
107 -1 -12 0
18 47 -28 0
62 -44 -48 0
-82 -71 -121 0
28 -106 15 0
-57 14 -17 0
-81 51 55 0
-2 -119 122 0
-67 101 -49 0
-72 116 113 0
110 -25 72 0
-68 100 123 0
-30 68 -111 0
-73 87 26 0
22 51 83 0
-20 -44 93 0
-11 -110 118 0
123 -87 48 0
-67 -106 -15 0
106 71 -111 0
-62 102 101 0
59 -108 54 0
-43 37 -7 0
104 -103 -91 0
64 106 65 0
47 85 34 0
122 24 -7 0
-68 24 42 0
99 -31 87 0
-9 -7 65 0
-60 49 124 0
-1 59 -84 0
-93 -7 59 0
17 121 -25 0
-55 44 -102 0
-124 -62 117 0
56 117 107 0
-55 57 -48 0
14 -62 -109 0
-17 100 -5 0
-113 -7 -56 0
88 28 -21 0
-93 106 -109 0
-62 104 -75 0
-19 -97 52 0
105 -23 -38 0
59 -58 -103 0
-36 -84 97 0
-19 -88 75 0
-18 53 -119 0
90 32 85 0
121 -74 64 0
-4 111 18 0
-69 -52 2 0
42 27 83 0
-84 52 48 0
-21 31 54 0
-70 -98 30 0
17 96 -79 0
18 77 31 0
-10 28 -53 0
-13 50 123 0
-59 -120 -78 0
2 86 115 0
-54 -79 67 0
-112 87 73 0
44 93 111 0
33 112 -122 0
97 82 99 0
-27 -31 125 0
-7 -59 -22 0
37 78 91 0
40 19 118 0
4 104 76 0
-61 41 100 0
122 -38 -26 0
-55 -99 14 0
112 113 -55 0
-57 36 -98 0
14 56 -80 0
-79 47 -92 0
-76 -59 -89 0
-14 49 88 0
-122 -36 -19 0
22 -85 102 0
-121 -63 9 0
-27 95 62 0
95 -32 -31 0
-17 -3 102 0
82 93 9 0
16 26 66 0
-45 79 -53 0
32 -10 27 0
63 86 27 0
-57 -86 43 0
-60 -62 -100 0
57 25 52 0
58 70 -6 0
41 -54 66 0
20 -117 -76 0
-101 46 -114 0
26 55 -1 0
-23 97 -65 0
45 92 81 0
113 -18 -112 0
-14 -91 36 0
27 -31 9 0
-52 120 -74 0
65 83 -61 0
-73 101 -13 0
-116 106 -90 0
-17 111 14 0
24 119 123 0
78 -124 27 0
-60 -62 16 0
-36 70 -125 0
-73 32 34 0
55 113 71 0
-16 -20 -107 0
123 73 -36 0
26 80 -65 0
-74 -107 -90 0
48 -61 -119 0
-87 -89 -24 0
-82 -50 79 0
81 -48 -41 0
16 -57 -97 0
36 14 -25 0
13 19 -107 0
-118 77 45 0
-90 39 73 0
20 84 -59 0
67 77 -63 0
106 -74 -116 0
-62 -58 -118 0
-106 4 93 0
74 4 85 0
123 -3 -83 0
-113 92 -91 0
-33 18 105 0
-5 -8 49 0
70 14 -122 0
97 81 61 0
57 115 116 0
-17 7 -41 0
86 -70 121 0
44 -40 12 0
57 54 -102 0
68 14 121 0
-62 -16 38 0
-68 79 120 0
-66 116 79 0
-97 -119 98 0
105 72 6 0
-37 41 109 0
-72 -12 47 0
43 26 -27 0
-122 -107 -42 0
80 -62 49 0
56 -74 32 0
-111 -24 96 0
69 -10 11 0
-93 22 116 0
110 45 -2 0
-4 17 74 0
107 -97 44 0
-40 -109 -83 0
-93 -113 103 0
30 -72 -69 0
-110 -106 56 0
108 -104 -47 0
44 -91 101 0
58 95 61 0
113 35 37 0
-114 69 -53 0
-23 48 18 0
-37 -111 71 0
-25 -56 -96 0
-71 112 19 0
60 62 92 0
92 -17 -10 0
-10 95 -85 0
57 20 110 0
83 64 -118 0
-109 59 -34 0
123 -21 85 0
-93 15 -102 0
-80 58 -81 0
31 124 97 0
-60 121 104 0
96 -118 -124 0
81 9 48 0
-52 -66 13 0
118 43 89 0
95 -125 -72 0
-76 103 -6 0
-28 -111 -108 0
-58 -35 27 0
24 104 -76 0
-37 77 -107 0
96 -55 70 0
-88 -6 -49 0
73 11 -114 0
118 -109 108 0
12 96 -111 0
-98 43 45 0
13 -31 -88 0
125 -45 6 0
-55 112 -121 0
102 106 75 0
-72 93 31 0
-32 -110 64 0
10 -29 -121 0
-108 27 83 0
95 55 -64 0
123 27 71 0
-62 3 43 0
-76 124 1 0
110 -9 49 0
75 -125 97 0
119 82 76 0
102 -87 -100 0
-12 -85 -116 0
67 -125 60 0
-120 14 89 0
-13 98 38 0
-74 9 -76 0
-84 82 94 0
-66 -110 118 0
-77 -115 78 0
89 -35 -99 0
18 1 124 0
30 4 -68 0
-96 -71 -84 0
-124 110 -97 0
-118 71 -107 0
28 121 -100 0
46 103 63 0
35 -55 -52 0
118 15 42 0
62 41 -100 0
14 -77 -37 0
-103 -28 104 0
23 68 -113 0
17 -99 -118 0
-120 17 36 0
63 104 -91 0
89 61 -2 0
-105 38 -19 0
-54 107 -12 0
-27 109 -45 0
71 49 108 0
-48 5 -77 0
109 -23 31 0
30 119 64 0
83 102 88 0
-67 -53 -82 0
-47 17 32 0
-54 104 -31 0
89 42 97 0
-55 91 17 0
-95 63 56 0
20 22 -11 0
-102 -86 58 0
-29 -79 -110 0
-50 -55 43 0
-51 -115 108 0
-36 -95 -108 0
11 20 57 0
-93 51 -30 0
99 -103 -1 0
16 73 63 0
118 27 -56 0
-114 -100 104 0
31 -49 -72 0
-89 125 -124 0
-44 28 -64 0
96 -34 24 0
-83 -23 117 0
13 -34 110 0
-104 -51 38 0
-61 13 43 0
-61 -109 -98 0
-49 29 40 0
89 -61 -7 0
-105 -7 79 0
-92 101 -53 0
-55 43 72 0
81 82 -45 0
103 -74 27 0
124 -31 101 0
58 34 -82 0
104 16 -110 0
-16 81 113 0
124 -73 85 0
83 79 2 0
-119 30 6 0
-110 -11 -63 0
-10 -121 -125 0
-94 -29 42 0
-36 -50 -85 0
-57 -9 43 0
-104 -36 100 0
62 96 -7 0
58 53 72 0
-71 63 -98 0
22 -60 -58 0
-84 85 -23 0
-39 -46 48 0
-3 -66 92 0
-102 -17 30 0
33 13 -125 0
-98 85 -95 0
-87 -71 -9 0
112 -35 80 0
15 -95 -25 0
-18 -95 30 0
-3 46 70 0
94 50 96 0
-16 -105 -106 0
13 78 84 0
38 -90 29 0
15 -121 -77 0
50 57 79 0
-2 33 53 0
-19 -101 125 0
-103 -86 -120 0
-60 -110 55 0
87 -22 31 0
-67 -12 -122 0
-50 20 -75 0
-84 37 -79 0
-68 -3 -6 0
51 33 -24 0
-94 122 -59 0
-8 -78 -16 0
66 -35 -26 0
-55 20 -97 0
-81 -14 -94 0
-80 75 -110 0
-101 -43 79 0
-113 -72 27 0
119 99 -1 0
112 41 -8 0
112 69 -50 0
-9 8 20 0
-52 80 -16 0
-47 -33 31 0
122 43 55 0
-123 -103 60 0
-44 39 78 0
98 85 -55 0
60 -93 115 0
83 -73 38 0
-78 -90 25 0
-114 -99 -46 0
-65 -87 -122 0
-14 36 -90 0
16 71 109 0
-73 -25 -5 0
-99 -124 72 0
122 61 18 0
-69 21 -61 0
19 63 59 0
-80 -68 33 0
-117 -98 -115 0
-59 -33 -95 0
51 116 -72 0
84 51 38 0
-96 -68 58 0
107 74 106 0
123 -112 82 0
125 -53 -61 0
124 74 -54 0
36 -7 -96 0
-96 -83 48 0
23 56 120 0
-21 9 80 0
73 119 102 0
-125 120 -9 0
-87 -14 -79 0
70 -46 118 0
96 103 -100 0
22 83 115 0
-2 -36 50 0
-93 -36 -125 0
-46 1 62 0
-71 -85 74 0
99 36 9 0
4 65 11 0
-54 -85 42 0
-116 -112 121 0
-102 47 6 0
98 -18 -95 0
88 4 -7 0
-13 19 24 0
-3 44 13 0
-117 -106 6 0
58 108 -23 0
-34 -75 -46 0
-79 -83 48 0
112 -90 121 0
81 79 20 0
-73 9 31 0
-113 -88 110 0
84 101 56 0
