c Random 21-CNF over 21 variables and 21 clauses
c Generated with `cnfgen`
c (C) 2012-2016 Massimo Lauria <lauria.massimo@gmail.com>
c https://massimolauria.github.io/cnfgen
c
c COMMAND LINE: cnfgen randkcnf 21 21 21
c
p cnf 21 21
1 -2 -3 4 -5 -6 7 8 9 -10 -11 -12 13 -14 15 16 17 18 -19 20 21 0
1 2 -3 -4 5 6 -7 8 -9 10 11 -12 -13 14 -15 -16 -17 -18 19 20 -21 0
-1 -2 3 4 -5 6 7 8 9 -10 11 -12 -13 14 -15 16 17 18 -19 -20 -21 0
1 -2 3 4 5 6 7 8 9 -10 -11 12 13 -14 15 -16 17 -18 -19 20 21 0
1 2 3 -4 -5 -6 -7 -8 -9 -10 -11 12 -13 -14 15 16 17 18 19 20 -21 0
1 -2 3 -4 5 -6 7 -8 9 10 11 12 13 14 15 16 -17 -18 19 20 -21 0
-1 2 3 4 5 6 7 -8 9 10 -11 12 13 -14 15 16 17 18 -19 -20 -21 0
-1 -2 -3 4 -5 -6 -7 -8 9 -10 11 12 13 14 15 16 -17 18 19 20 21 0
1 -2 3 -4 5 6 -7 8 9 -10 -11 -12 -13 14 -15 16 17 18 -19 -20 21 0
1 -2 -3 4 5 6 -7 -8 -9 -10 -11 -12 13 14 -15 -16 -17 18 -19 20 -21 0
1 -2 -3 -4 -5 6 -7 8 -9 -10 11 12 13 14 15 16 -17 -18 19 20 21 0
1 -2 3 -4 -5 -6 7 -8 9 -10 11 -12 13 14 15 16 17 18 19 -20 21 0
-1 -2 -3 4 -5 6 7 -8 9 -10 11 12 -13 -14 15 -16 -17 18 -19 20 -21 0
1 -2 -3 -4 -5 6 7 -8 -9 -10 -11 -12 13 -14 15 -16 -17 18 19 -20 21 0
-1 2 -3 -4 -5 -6 7 -8 9 -10 -11 12 13 14 -15 -16 17 18 19 -20 -21 0
1 -2 -3 -4 5 -6 -7 8 9 -10 11 -12 -13 14 -15 16 17 -18 -19 20 21 0
-1 2 -3 -4 -5 6 -7 8 9 -10 -11 -12 13 14 15 -16 -17 -18 19 20 -21 0
-1 2 -3 -4 5 -6 7 -8 9 -10 -11 12 -13 -14 15 -16 17 18 -19 -20 -21 0
-1 2 3 4 5 -6 -7 8 -9 -10 -11 -12 -13 14 15 -16 -17 -18 -19 -20 21 0
-1 2 3 4 -5 6 -7 -8 -9 10 -11 -12 -13 -14 -15 -16 -17 18 19 -20 21 0
1 2 -3 4 5 -6 -7 8 9 10 11 -12 -13 14 -15 -16 -17 18 -19 -20 -21 0
